6 0.071429 0.263333 0.062857 0.051111
6 0.077143 0.649444 0.058571 0.047778
0 0.197857 0.275556 0.035714 0.055556
0 0.191429 0.645556 0.035714 0.055556
2 0.312143 0.402222 0.038571 0.060000
2 0.301429 0.700000 0.037143 0.057778
1 0.415000 0.404444 0.050000 0.042222
1 0.418571 0.681111 0.051429 0.044444
5 0.558571 0.565556 0.042857 0.046667
3 0.556429 0.250000 0.044286 0.055556
3 0.717143 0.424444 0.042857 0.053333
3 0.727143 0.553333 0.040000 0.051111
3 0.721429 0.706667 0.045714 0.057778
3 0.707857 0.846667 0.044286 0.055556
4 0.875714 0.493333 0.031429 0.048889