6 0.059286 0.262222 0.068571 0.055556
6 0.058571 0.665556 0.071429 0.057778
0 0.161429 0.268889 0.044286 0.068889
0 0.171429 0.671111 0.038571 0.060000
2 0.258571 0.400000 0.042857 0.066667
2 0.261429 0.682222 0.041429 0.064444
1 0.372143 0.398889 0.054286 0.046667
1 0.355000 0.694444 0.057143 0.048889
5 0.480000 0.547778 0.052857 0.055556
3 0.490000 0.267778 0.051429 0.064444
3 0.614286 0.404444 0.051429 0.064444
3 0.615000 0.575556 0.052857 0.066667
3 0.615000 0.701111 0.048571 0.060000
4 0.747143 0.503333 0.034286 0.055556