6 0.072143 0.276667 0.062857 0.051111
6 0.071429 0.648889 0.057143 0.046667
0 0.197143 0.276667 0.037143 0.057778
0 0.198571 0.654444 0.035714 0.055556
2 0.305714 0.425556 0.037143 0.057778
2 0.305000 0.700000 0.038571 0.060000
1 0.428571 0.414444 0.048571 0.042222
1 0.430714 0.690000 0.051429 0.044444
5 0.559286 0.567778 0.042857 0.044444
3 0.568571 0.247778 0.040000 0.051111
3 0.723571 0.413333 0.041429 0.051111
3 0.725714 0.544444 0.040000 0.048889
3 0.726429 0.708889 0.044286 0.055556
4 0.865000 0.514444 0.032857 0.051111
4 0.867143 0.682222 0.034286 0.055556
5 0.635714 0.523333 0.045714 0.048889