6 0.060000 0.260556 0.064286 0.052222
6 0.064286 0.656111 0.067143 0.054444
0 0.173571 0.264444 0.040000 0.062222
0 0.162143 0.668889 0.040000 0.062222
2 0.260714 0.422222 0.042857 0.066667
2 0.272857 0.697778 0.042857 0.066667
1 0.358571 0.403333 0.051429 0.044444
1 0.365000 0.678889 0.058571 0.048889
5 0.486429 0.572222 0.052857 0.055556
3 0.475714 0.274444 0.047143 0.060000
3 0.607857 0.405556 0.052857 0.066667
3 0.612143 0.556667 0.051429 0.064444
3 0.617143 0.693333 0.052857 0.066667
4 0.757857 0.505556 0.032857 0.051111