6 0.065000 0.256667 0.054286 0.044444
6 0.068571 0.647222 0.058571 0.047778
0 0.190714 0.278889 0.031429 0.048889
0 0.190714 0.666667 0.032857 0.051111
2 0.297857 0.428889 0.032857 0.051111
2 0.296429 0.705556 0.034286 0.053333
1 0.420000 0.400000 0.047143 0.040000
1 0.420714 0.680000 0.048571 0.042222
5 0.555714 0.560000 0.041429 0.044444
3 0.567143 0.274444 0.044286 0.055556
3 0.707857 0.416667 0.041429 0.053333
3 0.719286 0.565556 0.038571 0.048889
3 0.718571 0.691111 0.040000 0.048889
4 0.863571 0.497778 0.028571 0.044444
6 0.715714 0.268889 0.054286 0.044444