6 0.067857 0.272222 0.057143 0.046667
6 0.078571 0.636111 0.058571 0.047778
0 0.197857 0.286667 0.031429 0.048889
0 0.192143 0.641111 0.032857 0.051111
2 0.301429 0.414444 0.037143 0.057778
2 0.300714 0.678889 0.040000 0.062222
1 0.428571 0.416667 0.048571 0.042222
1 0.429286 0.694444 0.050000 0.042222
5 0.569286 0.558889 0.040000 0.042222
3 0.553571 0.244444 0.045714 0.057778
3 0.716429 0.416667 0.045714 0.057778
3 0.707857 0.562222 0.041429 0.051111
3 0.718571 0.702222 0.041429 0.053333
4 0.870714 0.505556 0.031429 0.051111
4 0.882857 0.670000 0.032857 0.051111