6 0.069286 0.285556 0.071429 0.057778
6 0.063571 0.656667 0.068571 0.055556
0 0.187143 0.271111 0.037143 0.057778
0 0.181429 0.643333 0.041429 0.064444
2 0.300000 0.420000 0.041429 0.064444
2 0.314286 0.694444 0.042857 0.066667
1 0.427143 0.413333 0.051429 0.044444
1 0.419286 0.678889 0.060000 0.051111
5 0.567143 0.564444 0.047143 0.051111
3 0.570714 0.258889 0.048571 0.062222
3 0.720000 0.407778 0.051429 0.064444
3 0.720714 0.574444 0.051429 0.064444
3 0.726429 0.721111 0.045714 0.057778
4 0.879286 0.505556 0.034286 0.055556
4 0.875000 0.660000 0.035714 0.057778
5 0.635714 0.526667 0.048571 0.053333