6 0.070000 0.275556 0.062857 0.051111
6 0.056429 0.652778 0.058571 0.047778
0 0.165000 0.266667 0.038571 0.060000
0 0.165000 0.645556 0.037143 0.057778
2 0.273571 0.406667 0.040000 0.062222
2 0.267143 0.684444 0.041429 0.064444
1 0.364286 0.426667 0.048571 0.040000
1 0.360714 0.681111 0.050000 0.042222
5 0.483571 0.562222 0.047143 0.048889
3 0.476429 0.243333 0.048571 0.060000
3 0.611429 0.414444 0.045714 0.057778
3 0.620714 0.565556 0.047143 0.060000
3 0.612143 0.697778 0.047143 0.057778
3 0.610000 0.840000 0.045714 0.057778
4 0.757857 0.495556 0.032857 0.051111
4 0.761429 0.681111 0.031429 0.051111
5 0.530000 0.520000 0.042857 0.044444