6 0.063571 0.258889 0.054286 0.044444
6 0.066429 0.657778 0.057143 0.046667
0 0.153571 0.268889 0.034286 0.053333
0 0.155714 0.642222 0.035714 0.055556
2 0.259286 0.413333 0.034286 0.053333
2 0.265000 0.688889 0.038571 0.060000
1 0.358571 0.414444 0.042857 0.037778
1 0.370714 0.677778 0.050000 0.042222
5 0.487857 0.562222 0.044286 0.046667
3 0.475714 0.252222 0.042857 0.055556
3 0.624286 0.412222 0.041429 0.051111
3 0.622857 0.563333 0.040000 0.051111
3 0.612857 0.692222 0.040000 0.051111
3 0.618571 0.868889 0.042857 0.053333
4 0.752857 0.486667 0.030000 0.048889
6 0.622143 0.255000 0.058571 0.047778