6 0.077143 0.257778 0.062857 0.051111
6 0.077857 0.654444 0.065714 0.053333
0 0.188571 0.270000 0.041429 0.064444
0 0.180714 0.640000 0.041429 0.064444
2 0.299286 0.418889 0.044286 0.068889
2 0.302143 0.674444 0.044286 0.068889
1 0.414286 0.402222 0.054286 0.046667
1 0.423571 0.683333 0.057143 0.048889
5 0.552857 0.557778 0.047143 0.048889
3 0.555714 0.244444 0.045714 0.057778
3 0.715000 0.423333 0.052857 0.066667
3 0.716429 0.568889 0.051429 0.064444
3 0.712143 0.722222 0.045714 0.057778
4 0.870714 0.484444 0.038571 0.062222