6 0.081429 0.282222 0.054286 0.044444
6 0.067143 0.642778 0.050000 0.041111
0 0.195000 0.272222 0.032857 0.051111
0 0.183571 0.655556 0.034286 0.053333
2 0.305000 0.413333 0.034286 0.053333
2 0.310000 0.703333 0.038571 0.060000
1 0.424286 0.423333 0.047143 0.040000
1 0.423571 0.704444 0.045714 0.037778
5 0.552857 0.575556 0.040000 0.042222
3 0.567143 0.258889 0.040000 0.051111
3 0.725714 0.413333 0.042857 0.055556
3 0.721429 0.561111 0.037143 0.046667
3 0.712143 0.707778 0.038571 0.048889
3 0.727143 0.852222 0.041429 0.053333
4 0.882857 0.495556 0.028571 0.044444
4 0.874286 0.656667 0.030000 0.048889
6 0.711429 0.252778 0.050000 0.041111