6 0.070714 0.263333 0.074286 0.060000
6 0.072857 0.648333 0.067143 0.054444
0 0.165714 0.261111 0.037143 0.057778
0 0.157143 0.643333 0.038571 0.060000
2 0.254286 0.400000 0.041429 0.064444
2 0.268571 0.700000 0.044286 0.068889
1 0.365714 0.422222 0.055714 0.048889
1 0.364286 0.681111 0.060000 0.051111
5 0.479286 0.575556 0.048571 0.051111
3 0.489286 0.251111 0.047143 0.060000
3 0.608571 0.417778 0.050000 0.062222
3 0.626429 0.548889 0.047143 0.060000
3 0.610000 0.706667 0.045714 0.057778
3 0.622143 0.851111 0.051429 0.064444
4 0.747857 0.506667 0.038571 0.062222
6 0.610000 0.261111 0.071429 0.057778