6 0.080714 0.277778 0.054286 0.044444
6 0.063571 0.639444 0.064286 0.052222
0 0.185000 0.282222 0.038571 0.060000
0 0.185714 0.655556 0.038571 0.060000
2 0.310714 0.416667 0.035714 0.055556
2 0.304286 0.690000 0.037143 0.057778
1 0.416429 0.422222 0.048571 0.042222
1 0.415000 0.683333 0.048571 0.042222
5 0.560000 0.551111 0.041429 0.044444
3 0.559286 0.266667 0.042857 0.055556
3 0.716429 0.400000 0.045714 0.057778
3 0.714286 0.548889 0.041429 0.053333
3 0.711429 0.716667 0.042857 0.053333
4 0.876429 0.511111 0.035714 0.055556
4 0.882857 0.675556 0.031429 0.051111
6 0.720000 0.256111 0.058571 0.047778