6 0.058571 0.267778 0.068571 0.055556
6 0.068571 0.643889 0.067143 0.054444
0 0.170000 0.272222 0.037143 0.057778
0 0.172143 0.651111 0.038571 0.060000
2 0.254286 0.417778 0.045714 0.071111
2 0.261429 0.688889 0.042857 0.066667
1 0.368571 0.411111 0.054286 0.046667
1 0.360000 0.682222 0.052857 0.044444
5 0.481429 0.573333 0.050000 0.053333
3 0.481429 0.253333 0.050000 0.064444
3 0.612857 0.416667 0.045714 0.057778
3 0.617143 0.575556 0.045714 0.057778
3 0.626429 0.697778 0.047143 0.060000
3 0.622143 0.864444 0.048571 0.062222
4 0.760000 0.496667 0.032857 0.051111
4 0.752143 0.674444 0.032857 0.051111
6 0.626429 0.261667 0.070000 0.056667