6 0.070000 0.255556 0.068571 0.055556
6 0.067143 0.657778 0.065714 0.053333
0 0.186429 0.267778 0.037143 0.057778
0 0.184286 0.656667 0.042857 0.066667
2 0.301429 0.425556 0.042857 0.066667
2 0.299286 0.692222 0.042857 0.066667
1 0.430000 0.407778 0.060000 0.051111
1 0.421429 0.687778 0.057143 0.048889
5 0.555000 0.571111 0.048571 0.051111
3 0.556429 0.246667 0.052857 0.066667
3 0.707143 0.417778 0.048571 0.060000
3 0.714286 0.567778 0.047143 0.060000
3 0.720714 0.711111 0.048571 0.060000
3 0.712857 0.848889 0.052857 0.066667
4 0.876429 0.490000 0.035714 0.057778
4 0.877857 0.685556 0.038571 0.062222
5 0.617143 0.503333 0.048571 0.051111