6 0.066429 0.286667 0.068571 0.055556
6 0.062143 0.638333 0.070000 0.056667
0 0.190000 0.287778 0.038571 0.060000
0 0.197143 0.666667 0.041429 0.064444
2 0.312143 0.428889 0.042857 0.066667
2 0.302143 0.680000 0.045714 0.071111
1 0.415714 0.424444 0.054286 0.046667
1 0.415000 0.695556 0.054286 0.046667
5 0.550714 0.575556 0.050000 0.053333
3 0.569286 0.272222 0.050000 0.064444
3 0.720000 0.400000 0.050000 0.062222
3 0.712143 0.554444 0.045714 0.057778
3 0.708571 0.716667 0.051429 0.064444
4 0.872143 0.487778 0.035714 0.055556
4 0.883571 0.657778 0.040000 0.062222
6 0.727143 0.250556 0.067143 0.054444
5 0.620000 0.513333 0.050000 0.053333