6 0.070714 0.260556 0.058571 0.047778
6 0.060000 0.647222 0.067143 0.054444
0 0.154286 0.282222 0.034286 0.053333
0 0.160000 0.644444 0.040000 0.062222
2 0.274286 0.411111 0.042857 0.066667
2 0.257857 0.696667 0.038571 0.060000
1 0.368571 0.406667 0.054286 0.046667
1 0.362857 0.677778 0.055714 0.046667
5 0.474286 0.572222 0.047143 0.051111
3 0.490714 0.271111 0.044286 0.055556
3 0.622857 0.401111 0.044286 0.055556
3 0.620000 0.575556 0.047143 0.060000
3 0.610000 0.711111 0.048571 0.062222
3 0.627143 0.867778 0.047143 0.060000
4 0.753571 0.514444 0.035714 0.057778
4 0.757143 0.668889 0.032857 0.051111
5 0.537143 0.532222 0.044286 0.046667