6 0.065714 0.273333 0.054286 0.044444
6 0.054286 0.649444 0.058571 0.047778
0 0.173571 0.272222 0.031429 0.048889
0 0.161429 0.668889 0.035714 0.055556
2 0.260714 0.415556 0.038571 0.060000
2 0.272857 0.691111 0.034286 0.053333
1 0.372857 0.422222 0.045714 0.040000
1 0.360714 0.677778 0.048571 0.042222
5 0.492143 0.570000 0.042857 0.046667
3 0.485714 0.260000 0.045714 0.057778
3 0.625714 0.410000 0.041429 0.053333
3 0.627143 0.563333 0.040000 0.048889
3 0.625714 0.711111 0.044286 0.055556
4 0.757857 0.511111 0.032857 0.051111
6 0.620714 0.249444 0.058571 0.047778