6 0.080000 0.283889 0.064286 0.052222
6 0.065000 0.641111 0.062857 0.051111
0 0.190000 0.282222 0.038571 0.060000
0 0.190714 0.641111 0.038571 0.060000
2 0.305000 0.414444 0.040000 0.062222
2 0.308571 0.700000 0.040000 0.062222
1 0.420000 0.403333 0.055714 0.046667
1 0.420714 0.683333 0.057143 0.048889
5 0.554286 0.551111 0.051429 0.055556
3 0.560714 0.266667 0.047143 0.060000
3 0.713571 0.413333 0.052857 0.066667
3 0.707857 0.544444 0.051429 0.064444
3 0.710714 0.707778 0.048571 0.060000
3 0.709286 0.852222 0.052857 0.066667
4 0.863571 0.498889 0.034286 0.055556
4 0.875714 0.667778 0.038571 0.062222
6 0.718571 0.254444 0.071429 0.057778
5 0.609286 0.502222 0.045714 0.048889