6 0.066429 0.268333 0.055714 0.045556
6 0.074286 0.663889 0.058571 0.047778
0 0.180000 0.273333 0.035714 0.055556
0 0.183571 0.640000 0.034286 0.053333
2 0.310714 0.423333 0.040000 0.062222
2 0.296429 0.696667 0.040000 0.062222
1 0.419286 0.427778 0.047143 0.040000
1 0.422143 0.693333 0.047143 0.040000
5 0.563571 0.551111 0.042857 0.046667
3 0.565714 0.263333 0.044286 0.055556
3 0.719286 0.407778 0.047143 0.057778
3 0.710714 0.550000 0.044286 0.055556
3 0.707143 0.691111 0.044286 0.055556
4 0.875000 0.486667 0.032857 0.051111
4 0.876429 0.670000 0.032857 0.051111
6 0.719286 0.262222 0.057143 0.046667
5 0.625000 0.514444 0.047143 0.051111