6 0.055714 0.257778 0.057143 0.046667
6 0.052857 0.663889 0.055714 0.045556
0 0.166429 0.285556 0.038571 0.060000
0 0.155714 0.667778 0.038571 0.060000
2 0.264286 0.426667 0.040000 0.062222
2 0.254286 0.682222 0.040000 0.062222
1 0.365714 0.403333 0.054286 0.046667
1 0.370714 0.678889 0.048571 0.042222
5 0.484286 0.566667 0.042857 0.044444
3 0.478571 0.251111 0.041429 0.053333
3 0.620000 0.413333 0.041429 0.051111
3 0.617857 0.556667 0.042857 0.055556
3 0.614286 0.712222 0.045714 0.057778
4 0.748571 0.484444 0.035714 0.055556