6 0.072857 0.258889 0.068571 0.055556
6 0.069286 0.640556 0.067143 0.054444
0 0.185714 0.287778 0.037143 0.057778
0 0.190000 0.650000 0.041429 0.064444
2 0.298571 0.420000 0.045714 0.071111
2 0.305000 0.682222 0.045714 0.071111
1 0.418571 0.404444 0.055714 0.048889
1 0.425714 0.687778 0.057143 0.048889
5 0.553571 0.563333 0.051429 0.055556
3 0.550714 0.268889 0.051429 0.064444
3 0.714286 0.421111 0.051429 0.066667
3 0.722857 0.571111 0.051429 0.064444
3 0.714286 0.704444 0.052857 0.066667
4 0.873571 0.498889 0.034286 0.055556
4 0.876429 0.678889 0.037143 0.060000
5 0.607143 0.513333 0.048571 0.053333