6 0.067143 0.263889 0.058571 0.047778
6 0.066429 0.657778 0.062857 0.051111
0 0.162857 0.261111 0.037143 0.057778
0 0.161429 0.665556 0.038571 0.060000
2 0.272857 0.418889 0.038571 0.060000
2 0.265714 0.675556 0.035714 0.055556
1 0.369286 0.403333 0.051429 0.044444
1 0.358571 0.681111 0.051429 0.044444
5 0.485000 0.572222 0.045714 0.048889
3 0.479286 0.245556 0.047143 0.057778
3 0.612857 0.426667 0.044286 0.055556
3 0.625000 0.561111 0.045714 0.057778
3 0.627143 0.696667 0.044286 0.055556
3 0.625000 0.853333 0.042857 0.053333
4 0.750714 0.515556 0.031429 0.048889
4 0.749286 0.684444 0.032857 0.051111
6 0.625714 0.257778 0.054286 0.044444
5 0.535714 0.513333 0.042857 0.044444