6 0.078571 0.280000 0.057143 0.046667
6 0.065000 0.643333 0.054286 0.044444
0 0.179286 0.271111 0.034286 0.053333
0 0.186429 0.663333 0.035714 0.055556
2 0.315714 0.422222 0.038571 0.060000
2 0.305000 0.691111 0.037143 0.057778
1 0.417143 0.400000 0.045714 0.040000
1 0.425714 0.675556 0.044286 0.037778
5 0.566429 0.553333 0.038571 0.040000
3 0.559286 0.257778 0.040000 0.048889
3 0.726429 0.402222 0.040000 0.048889
3 0.711429 0.557778 0.040000 0.048889
3 0.711429 0.702222 0.042857 0.053333
3 0.715000 0.847778 0.041429 0.053333
4 0.866429 0.514444 0.030000 0.046667
5 0.605714 0.521111 0.042857 0.046667