6 0.070714 0.285000 0.058571 0.047778
6 0.054286 0.655556 0.054286 0.044444
0 0.171429 0.264444 0.035714 0.055556
0 0.155000 0.657778 0.032857 0.051111
2 0.257143 0.416667 0.038571 0.060000
2 0.269286 0.681111 0.034286 0.053333
1 0.366429 0.422222 0.044286 0.037778
1 0.368571 0.693333 0.045714 0.037778
5 0.488571 0.550000 0.040000 0.042222
3 0.483571 0.247778 0.041429 0.053333
3 0.615714 0.413333 0.040000 0.051111
3 0.612143 0.544444 0.041429 0.051111
3 0.619286 0.714444 0.041429 0.053333
3 0.610714 0.862222 0.040000 0.051111
4 0.755000 0.513333 0.032857 0.051111
4 0.741429 0.687778 0.031429 0.048889