6 0.063571 0.277222 0.067143 0.054444
6 0.062857 0.643333 0.068571 0.055556
0 0.166429 0.262222 0.038571 0.060000
0 0.161429 0.668889 0.038571 0.060000
2 0.270000 0.404444 0.041429 0.064444
2 0.259286 0.691111 0.044286 0.068889
1 0.368571 0.408889 0.055714 0.048889
1 0.366429 0.688889 0.055714 0.046667
5 0.483571 0.545556 0.052857 0.055556
3 0.478571 0.251111 0.048571 0.060000
3 0.620714 0.426667 0.047143 0.060000
3 0.622143 0.552222 0.050000 0.062222
3 0.611429 0.698889 0.050000 0.062222
3 0.626429 0.864444 0.051429 0.064444
4 0.749286 0.491111 0.035714 0.057778
6 0.618571 0.262222 0.068571 0.055556