6 0.068571 0.285556 0.057143 0.046667
6 0.054286 0.641111 0.062857 0.051111
0 0.173571 0.260000 0.034286 0.053333
0 0.165714 0.653333 0.035714 0.055556
2 0.255714 0.421111 0.038571 0.060000
2 0.258571 0.695556 0.040000 0.062222
1 0.357857 0.428889 0.048571 0.042222
1 0.357857 0.682222 0.045714 0.037778
5 0.490714 0.561111 0.042857 0.046667
3 0.473571 0.250000 0.042857 0.055556
3 0.612143 0.421111 0.040000 0.051111
3 0.621429 0.567778 0.044286 0.055556
3 0.608571 0.721111 0.045714 0.057778
3 0.613571 0.858889 0.041429 0.053333
4 0.745000 0.514444 0.034286 0.055556
4 0.741429 0.663333 0.028571 0.044444
5 0.544286 0.517778 0.044286 0.046667