6 0.070714 0.277778 0.062857 0.051111
6 0.061429 0.651111 0.057143 0.046667
0 0.172143 0.287778 0.034286 0.053333
0 0.170000 0.655556 0.037143 0.057778
2 0.272143 0.423333 0.037143 0.057778
2 0.274286 0.691111 0.041429 0.064444
1 0.372857 0.398889 0.047143 0.040000
1 0.356429 0.687778 0.052857 0.046667
5 0.476429 0.551111 0.042857 0.046667
3 0.482143 0.258889 0.041429 0.053333
3 0.610714 0.421111 0.044286 0.055556
3 0.617143 0.560000 0.047143 0.060000
3 0.617143 0.697778 0.042857 0.053333
3 0.612857 0.867778 0.045714 0.057778
4 0.749286 0.498889 0.032857 0.051111
4 0.755000 0.666667 0.032857 0.051111
6 0.618571 0.240556 0.058571 0.047778