6 0.081429 0.277222 0.058571 0.047778
6 0.063571 0.642778 0.058571 0.047778
0 0.194286 0.276667 0.035714 0.055556
0 0.181429 0.644444 0.034286 0.053333
2 0.310000 0.397778 0.042857 0.066667
2 0.296429 0.698889 0.041429 0.064444
1 0.427857 0.428889 0.052857 0.044444
1 0.415714 0.687778 0.050000 0.042222
5 0.559286 0.573333 0.042857 0.046667
3 0.560714 0.244444 0.047143 0.060000
3 0.721429 0.407778 0.047143 0.060000
3 0.717143 0.548889 0.042857 0.053333
3 0.718571 0.705556 0.044286 0.055556
3 0.711429 0.841111 0.042857 0.055556
4 0.882857 0.490000 0.037143 0.057778
4 0.874286 0.663333 0.035714 0.055556