6 0.077857 0.280556 0.058571 0.047778
6 0.070000 0.644444 0.062857 0.051111
0 0.179286 0.285556 0.035714 0.055556
0 0.179286 0.664444 0.034286 0.053333
2 0.302143 0.420000 0.034286 0.053333
2 0.307143 0.702222 0.040000 0.062222
1 0.428571 0.405556 0.050000 0.042222
1 0.413571 0.704444 0.047143 0.040000
5 0.567857 0.568889 0.040000 0.042222
3 0.550714 0.258889 0.041429 0.053333
3 0.710000 0.403333 0.044286 0.055556
3 0.710000 0.544444 0.044286 0.055556
3 0.723571 0.696667 0.044286 0.055556
4 0.880714 0.503333 0.031429 0.051111
4 0.864286 0.656667 0.032857 0.051111
5 0.615000 0.511111 0.040000 0.042222