6 0.070000 0.270556 0.064286 0.052222
6 0.063571 0.652778 0.067143 0.054444
0 0.187857 0.263333 0.038571 0.060000
0 0.183571 0.644444 0.035714 0.055556
2 0.316429 0.403333 0.042857 0.066667
2 0.302857 0.703333 0.041429 0.064444
1 0.417143 0.421111 0.055714 0.048889
1 0.424286 0.686667 0.050000 0.042222
5 0.554286 0.551111 0.048571 0.051111
3 0.565000 0.262222 0.050000 0.062222
3 0.725000 0.402222 0.050000 0.062222
3 0.712143 0.572222 0.047143 0.060000
3 0.712857 0.694444 0.042857 0.053333
4 0.881429 0.504444 0.034286 0.055556