6 0.065000 0.264444 0.057143 0.046667
6 0.077143 0.636111 0.055714 0.045556
0 0.179286 0.275556 0.034286 0.053333
0 0.180714 0.646667 0.035714 0.055556
2 0.297143 0.421111 0.037143 0.057778
2 0.315000 0.685556 0.037143 0.057778
1 0.426429 0.418889 0.048571 0.042222
1 0.433571 0.704444 0.042857 0.035556
5 0.554286 0.567778 0.044286 0.046667
3 0.551429 0.260000 0.041429 0.051111
3 0.715714 0.403333 0.038571 0.048889
3 0.725714 0.573333 0.038571 0.048889
3 0.714286 0.721111 0.038571 0.046667
3 0.708571 0.837778 0.038571 0.048889
4 0.871429 0.484444 0.030000 0.048889
4 0.872857 0.666667 0.028571 0.044444
6 0.724286 0.252222 0.051429 0.042222