6 0.070000 0.276111 0.067143 0.054444
6 0.070714 0.653889 0.070000 0.056667
0 0.182857 0.272222 0.040000 0.062222
0 0.195000 0.652222 0.040000 0.062222
2 0.310714 0.400000 0.044286 0.068889
2 0.303571 0.690000 0.041429 0.064444
1 0.422143 0.403333 0.060000 0.051111
1 0.426429 0.682222 0.060000 0.051111
5 0.555000 0.556667 0.052857 0.055556
3 0.568571 0.262222 0.048571 0.062222
3 0.725000 0.421111 0.045714 0.057778
3 0.716429 0.567778 0.051429 0.066667
3 0.719286 0.707778 0.050000 0.062222
3 0.713571 0.842222 0.050000 0.062222
4 0.883571 0.503333 0.040000 0.062222
4 0.866429 0.684444 0.035714 0.057778