6 0.068571 0.268889 0.054286 0.044444
6 0.067857 0.638333 0.052857 0.043333
0 0.166429 0.272222 0.037143 0.057778
0 0.155000 0.645556 0.032857 0.051111
2 0.257143 0.408889 0.037143 0.057778
2 0.262143 0.697778 0.038571 0.060000
1 0.357857 0.400000 0.048571 0.042222
1 0.368571 0.674444 0.050000 0.042222
5 0.487143 0.575556 0.040000 0.042222
3 0.486429 0.245556 0.042857 0.055556
3 0.621429 0.411111 0.042857 0.053333
3 0.617857 0.560000 0.045714 0.057778
3 0.620714 0.703333 0.044286 0.055556
4 0.744286 0.511111 0.030000 0.046667
5 0.529286 0.511111 0.042857 0.044444