6 0.069286 0.282222 0.062857 0.051111
6 0.067143 0.663333 0.057143 0.046667
0 0.180000 0.266667 0.034286 0.053333
0 0.189286 0.642222 0.035714 0.055556
2 0.315000 0.400000 0.038571 0.060000
2 0.304286 0.693333 0.037143 0.057778
1 0.426429 0.417778 0.048571 0.040000
1 0.415000 0.692222 0.048571 0.040000
5 0.565000 0.561111 0.045714 0.048889
3 0.570000 0.265556 0.048571 0.060000
3 0.726429 0.403333 0.045714 0.057778
3 0.711429 0.550000 0.045714 0.057778
3 0.714286 0.692222 0.047143 0.060000
3 0.717857 0.854444 0.044286 0.055556
4 0.882857 0.496667 0.031429 0.051111
6 0.718571 0.256667 0.062857 0.051111