6 0.069286 0.281111 0.057143 0.046667
6 0.069286 0.651111 0.054286 0.044444
0 0.171429 0.282222 0.034286 0.053333
0 0.172143 0.665556 0.034286 0.053333
2 0.257143 0.408889 0.034286 0.053333
2 0.273571 0.703333 0.032857 0.051111
1 0.365714 0.406667 0.045714 0.040000
1 0.368571 0.683333 0.044286 0.037778
5 0.492143 0.573333 0.038571 0.042222
3 0.487143 0.250000 0.042857 0.053333
3 0.618571 0.405556 0.038571 0.048889
3 0.622857 0.562222 0.042857 0.053333
3 0.620714 0.701111 0.041429 0.053333
4 0.756429 0.507778 0.028571 0.044444
4 0.752143 0.667778 0.032857 0.051111
5 0.533571 0.525556 0.038571 0.040000