6 0.066429 0.256667 0.057143 0.046667
6 0.071429 0.666667 0.057143 0.046667
0 0.165000 0.260000 0.032857 0.051111
0 0.172857 0.668889 0.032857 0.051111
2 0.261429 0.402222 0.035714 0.055556
2 0.257857 0.685556 0.035714 0.055556
1 0.364286 0.397778 0.045714 0.040000
1 0.364286 0.680000 0.048571 0.042222
5 0.492857 0.562222 0.041429 0.044444
3 0.486429 0.272222 0.041429 0.053333
3 0.619286 0.413333 0.040000 0.051111
3 0.608571 0.561111 0.040000 0.048889
3 0.607143 0.711111 0.042857 0.053333
3 0.620714 0.862222 0.040000 0.048889
4 0.756429 0.514444 0.031429 0.051111
6 0.626429 0.242222 0.054286 0.044444
5 0.511429 0.517778 0.041429 0.044444