6 0.070000 0.260000 0.057143 0.046667
6 0.065000 0.640000 0.054286 0.044444
0 0.164286 0.265556 0.034286 0.053333
0 0.171429 0.640000 0.035714 0.055556
2 0.259286 0.417778 0.038571 0.060000
2 0.259286 0.674444 0.038571 0.060000
1 0.356429 0.422222 0.048571 0.042222
1 0.359286 0.678889 0.050000 0.042222
5 0.482143 0.544444 0.044286 0.046667
3 0.485000 0.264444 0.042857 0.053333
3 0.627143 0.403333 0.044286 0.055556
3 0.623571 0.556667 0.041429 0.053333
3 0.607143 0.721111 0.041429 0.051111
3 0.622857 0.840000 0.040000 0.051111
4 0.751429 0.487778 0.031429 0.048889
4 0.750000 0.661111 0.032857 0.051111