6 0.053571 0.264444 0.062857 0.051111
6 0.071429 0.654444 0.062857 0.051111
0 0.157857 0.286667 0.035714 0.055556
0 0.154286 0.665556 0.037143 0.057778
2 0.265000 0.411111 0.038571 0.060000
2 0.265000 0.678889 0.037143 0.057778
1 0.374286 0.406667 0.051429 0.044444
1 0.374286 0.687778 0.050000 0.042222
5 0.477143 0.560000 0.047143 0.048889
3 0.473571 0.248889 0.041429 0.053333
3 0.622143 0.410000 0.048571 0.062222
3 0.608571 0.554444 0.045714 0.057778
3 0.619286 0.703333 0.041429 0.053333
4 0.756429 0.485556 0.032857 0.051111
6 0.614286 0.240000 0.057143 0.046667