6 0.069286 0.285000 0.067143 0.054444
6 0.078571 0.659444 0.064286 0.052222
0 0.198571 0.277778 0.040000 0.062222
0 0.186429 0.660000 0.042857 0.066667
2 0.308571 0.405556 0.044286 0.068889
2 0.305714 0.678889 0.044286 0.068889
1 0.423571 0.423333 0.055714 0.046667
1 0.431429 0.685556 0.060000 0.051111
5 0.555000 0.572222 0.050000 0.053333
3 0.552857 0.271111 0.050000 0.064444
3 0.725714 0.401111 0.054286 0.068889
3 0.712857 0.571111 0.047143 0.060000
3 0.714286 0.716667 0.050000 0.064444
4 0.875000 0.507778 0.040000 0.062222
6 0.714286 0.250556 0.064286 0.052222