6 0.070714 0.284444 0.054286 0.044444
6 0.074286 0.652222 0.057143 0.046667
0 0.186429 0.260000 0.031429 0.048889
0 0.190000 0.654444 0.034286 0.053333
2 0.301429 0.411111 0.035714 0.055556
2 0.298571 0.681111 0.037143 0.057778
1 0.420000 0.404444 0.044286 0.037778
1 0.421429 0.700000 0.047143 0.040000
5 0.568571 0.546667 0.040000 0.042222
3 0.551429 0.254444 0.042857 0.055556
3 0.724286 0.410000 0.038571 0.048889
3 0.718571 0.556667 0.040000 0.051111
3 0.712143 0.713333 0.041429 0.053333
4 0.881429 0.503333 0.032857 0.051111
6 0.707857 0.266667 0.054286 0.044444