6 0.069286 0.283333 0.065714 0.053333
6 0.067857 0.642222 0.062857 0.051111
0 0.179286 0.260000 0.041429 0.064444
0 0.186429 0.664444 0.041429 0.064444
2 0.308571 0.397778 0.040000 0.062222
2 0.302143 0.677778 0.041429 0.064444
1 0.415714 0.423333 0.051429 0.044444
1 0.415714 0.697778 0.052857 0.044444
5 0.565714 0.556667 0.045714 0.048889
3 0.566429 0.263333 0.044286 0.055556
3 0.708571 0.426667 0.044286 0.055556
3 0.707143 0.564444 0.051429 0.064444
3 0.707143 0.702222 0.048571 0.060000
3 0.723571 0.864444 0.044286 0.055556
4 0.874286 0.503333 0.035714 0.055556
6 0.722143 0.249444 0.064286 0.052222
5 0.605000 0.507778 0.047143 0.051111