6 0.067857 0.276667 0.062857 0.051111
6 0.072143 0.652778 0.058571 0.047778
0 0.164286 0.274444 0.034286 0.053333
0 0.155000 0.667778 0.034286 0.053333
2 0.274286 0.410000 0.035714 0.055556
2 0.274286 0.693333 0.035714 0.055556
1 0.360000 0.408889 0.047143 0.040000
1 0.370714 0.687778 0.050000 0.042222
5 0.479286 0.553333 0.045714 0.048889
3 0.489286 0.274444 0.042857 0.055556
3 0.617143 0.413333 0.045714 0.057778
3 0.608571 0.555556 0.041429 0.051111
3 0.625000 0.704444 0.041429 0.053333
3 0.619286 0.855556 0.045714 0.057778
4 0.752143 0.503333 0.031429 0.048889
4 0.757143 0.675556 0.034286 0.055556
6 0.617143 0.250000 0.057143 0.046667
5 0.527143 0.505556 0.044286 0.046667