6 0.071429 0.278889 0.062857 0.051111
6 0.067143 0.640000 0.062857 0.051111
0 0.168571 0.281111 0.037143 0.057778
0 0.169286 0.665556 0.035714 0.055556
2 0.262143 0.421111 0.035714 0.055556
2 0.273571 0.678889 0.035714 0.055556
1 0.371429 0.412222 0.047143 0.040000
1 0.372143 0.697778 0.050000 0.042222
5 0.476429 0.557778 0.045714 0.048889
3 0.478571 0.258889 0.047143 0.060000
3 0.620000 0.403333 0.042857 0.055556
3 0.621429 0.573333 0.041429 0.051111
3 0.626429 0.721111 0.045714 0.057778
3 0.622857 0.854444 0.044286 0.055556
4 0.757857 0.485556 0.032857 0.051111
5 0.512857 0.523333 0.045714 0.048889